Winner Percentage,Iteration Number
0.52,0
0.24,50
0.32,100
0.36,150
0.22,200
0.4,250
0.26,300
0.28,350
0.42,400
0.26,450
0.38,500
0.26,550
0.22,600
0.26,650
0.32,700
0.2,750
0.42,800
0.24,850
0.36,900
0.34,950
0.32,1000
0.3,1050
0.24,1100
0.44,1150
0.18,1200
0.42,1250
0.32,1300
0.34,1350
0.38,1400
0.2,1450
0.16,1500
0.36,1550
0.38,1600
0.18,1650
0.3,1700
0.24,1750
0.3,1800
0.26,1850
0.28,1900
0.26,1950
0.42,2000
0.28,2050
0.36,2100
0.42,2150
0.28,2200
0.38,2250
0.38,2300
0.26,2350
0.34,2400
0.28,2450
0.48,2500
0.38,2550
0.24,2600
0.3,2650
0.36,2700
0.42,2750
0.34,2800
0.38,2850
0.38,2900
0.32,2950
0.4,3000
0.36,3050
0.34,3100
0.28,3150
0.42,3200
0.4,3250
0.3,3300
0.36,3350
0.44,3400
0.22,3450
0.22,3500
0.32,3550
0.36,3600
0.54,3650
0.34,3700
0.24,3750
0.36,3800
0.34,3850
0.32,3900
0.24,3950
0.18,4000
0.4,4050
0.42,4100
0.24,4150
0.54,4200
0.34,4250
0.26,4300
0.34,4350
0.3,4400
0.22,4450
0.28,4500
0.42,4550
0.24,4600
0.42,4650
0.32,4700
0.28,4750
0.26,4800
0.32,4850
0.24,4900
0.2,4950
0.26,5000
0.44,5050
0.3,5100
0.4,5150
0.26,5200
0.26,5250
0.38,5300
0.32,5350
0.42,5400
0.3,5450
0.42,5500
0.38,5550
0.26,5600
0.4,5650
0.3,5700
0.38,5750
0.3,5800
0.4,5850
0.26,5900
0.42,5950
0.3,6000
0.26,6050
0.24,6100
0.4,6150
0.32,6200
0.32,6250
0.42,6300
0.38,6350
0.3,6400
0.34,6450
0.3,6500
0.2,6550
0.6,6600
0.3,6650
0.18,6700
0.34,6750
0.2,6800
0.36,6850
0.4,6900
0.44,6950
0.26,7000
0.36,7050
0.4,7100
0.24,7150
0.26,7200
0.38,7250
0.36,7300
0.3,7350
0.32,7400
0.26,7450
0.34,7500
0.24,7550
0.36,7600
0.26,7650
0.24,7700
0.36,7750
0.4,7800
0.3,7850
0.34,7900
0.38,7950
0.5,8000
0.32,8050
0.3,8100
0.32,8150
0.36,8200
0.34,8250
0.48,8300
0.4,8350
0.42,8400
0.2,8450
0.42,8500
0.42,8550
0.32,8600
0.28,8650
0.3,8700
0.34,8750
0.34,8800
0.24,8850
0.18,8900
0.46,8950
0.24,9000
0.34,9050
0.26,9100
0.44,9150
0.44,9200
0.2,9250
0.34,9300
0.26,9350
0.34,9400
0.3,9450
0.36,9500
0.42,9550
0.42,9600
0.42,9650
0.28,9700
0.3,9750
0.3,9800
0.36,9850
0.36,9900
0.36,9950
