Winner Percentage,Iteration Number
0.9,0
1.76,50
1.74,100
1.82,150
1.86,200
1.78,250
1.76,300
1.7,350
1.8,400
1.74,450
1.72,500
1.82,550
1.78,600
1.74,650
1.6,700
1.84,750
1.74,800
1.7,850
1.72,900
1.82,950
1.82,1000
1.62,1050
1.66,1100
1.76,1150
1.74,1200
1.7,1250
1.76,1300
1.76,1350
1.82,1400
1.72,1450
1.82,1500
1.68,1550
1.68,1600
1.76,1650
1.78,1700
1.78,1750
1.76,1800
1.7,1850
1.78,1900
1.8,1950
1.76,2000
1.58,2050
1.7,2100
1.72,2150
1.76,2200
1.68,2250
1.68,2300
1.74,2350
1.9,2400
1.82,2450
1.76,2500
1.8,2550
1.7,2600
1.82,2650
1.82,2700
1.84,2750
1.7,2800
1.84,2850
1.82,2900
1.78,2950
1.84,3000
1.72,3050
1.76,3100
1.68,3150
1.74,3200
1.76,3250
1.72,3300
1.76,3350
1.66,3400
1.88,3450
1.74,3500
1.74,3550
1.84,3600
1.76,3650
1.54,3700
1.76,3750
1.64,3800
1.78,3850
1.68,3900
1.82,3950
1.74,4000
1.56,4050
1.72,4100
1.74,4150
1.86,4200
1.74,4250
1.74,4300
1.82,4350
1.78,4400
1.86,4450
1.62,4500
1.68,4550
1.74,4600
1.76,4650
1.72,4700
1.82,4750
1.84,4800
1.74,4850
1.7,4900
1.74,4950
1.8,5000
1.78,5050
1.76,5100
1.74,5150
1.68,5200
1.7,5250
1.74,5300
1.64,5350
1.78,5400
1.82,5450
1.8,5500
1.74,5550
1.64,5600
1.78,5650
1.78,5700
1.86,5750
1.8,5800
1.68,5850
1.8,5900
1.76,5950
1.76,6000
1.74,6050
1.86,6100
1.82,6150
1.64,6200
1.66,6250
1.74,6300
1.82,6350
1.78,6400
1.58,6450
1.74,6500
1.84,6550
1.86,6600
1.7,6650
1.76,6700
1.68,6750
1.86,6800
1.66,6850
1.84,6900
1.72,6950
1.68,7000
1.78,7050
1.7,7100
1.76,7150
1.7,7200
1.8,7250
1.8,7300
1.7,7350
1.84,7400
1.74,7450
1.58,7500
1.82,7550
1.66,7600
1.68,7650
1.72,7700
1.76,7750
1.66,7800
1.9,7850
1.56,7900
1.8,7950
1.74,8000
1.7,8050
1.72,8100
1.88,8150
1.74,8200
1.84,8250
1.66,8300
1.72,8350
1.82,8400
1.78,8450
1.72,8500
1.76,8550
1.76,8600
1.8,8650
1.78,8700
1.7,8750
1.62,8800
1.72,8850
1.74,8900
1.9,8950
1.68,9000
1.76,9050
1.82,9100
1.72,9150
1.68,9200
1.74,9250
1.78,9300
1.74,9350
1.66,9400
1.74,9450
1.72,9500
1.74,9550
1.74,9600
1.84,9650
1.84,9700
1.76,9750
1.74,9800
1.7,9850
1.72,9900
1.74,9950
